isbn
9786021257005
9786021257012
9786021257029
9786021257043
9786021257050
9786021257067
9786021257074
9786021257081
9786021257098
9786021257104
9786021257142
9786021257159
9786021257173
9786021257180
9786021257197
9786021257203
9786021257227
9786021257241
9786021257258
9786021257272
9786021257296
9786021257302
9786021257319
9786021257326
9786021257333
9786021257340
9786021257364
9786021257388
9786021257401
9786021257418
9786021257432
9786021257449
9786021257456
9786021257470
9786021257500
9786021257517
9786021257524
9786021257531
9786021257555
9786021257586
9786021257593
9786021257609
9786021257616
9786021257623
9786021257654
9786021257661
9786021257678
9786021257685
9786021257692
9786021257715
9786021257722
9786021257739
9786021257746
9786021257753
9786021257760
9786021257784
9786021257807
9786021257814
9786021257821
9786021257838
9786021257852
9786021257869
9786021257876
9786021257883
9786021257890
9786021257906
9786021257913
9786021257944
9786021257975
9786021299005
9786021299333
9786021299340
9786021299371
9786021299388
9786021299418
9786021299425
9786021299432
9786021299456
9786021299470
9786021299494
9786021299531
9786021299548
9786021299555
9786021299579
9786021299586
9786021299593
9786021299616
9786021299623
9786021299630
9786021299654
9786021299661
9786021299678
9786021299692
9786021299708
9786021299746
9786021299753
9786021299760
9786021299777
9786021299807
9786021299814
9786021299845
9786021299852
9786021299883
9786021299890
9786021299906
9786021299913
9786021299937
9786021299944
9786021299951
9786021299982
9786021299999
9786021455500
9786021455524
9786021455531
9786021455548
9786021455555
9786021455562
9786021455579
9786021455586
9786022950011
9786022950028
9786022950035
9786022950059
9786022950066
9786022950097
9786022950103
9786022950110
9786022950134
9786022950141
9786022950172
9786022950189
9786022950202
9786022950219
9786022950424
9786022950516
9786022950547
9786022950554
9786022950578
9786022950592
9786022950608
9786022950615
9786022950622
9786022950639
9786022950646
9786022950677
9786022950691
9786022950714
9786022950738
9786022950745
9786022950752
9786022950776
9786022950783
9786022950790
9786022950813
9786022950837
9786022950851
9786022950875
9786022950899
9786022950905
9786022950912
9786022950929
9786022950950
9786022950974
9786022950981
9786022951018
9786022951025
9786022951032
9786022951049
9786022951070
9786022951087
9786022951117
9786022951124
9786022951131
9786022951162
9786022951179
9786022951193
9786022951209
9786022951223
9786022951230
9786022951247
9786022951254
9786022951261
9786022951308
9786022951315
9786022951346
9786022951353
9786022951360
9786022951377
9786022951469
9786022951476
9786022951483
9786022951506
9786022951513
9786022951537
9786022951544
9786022951551
9786022951599
9786022951612
9786022951629
9786022951636
9786022951643
9786022951667
9786022951674
9786022951681
9786022951698
9786022951735
9786022951742
9786022951759
9786022951773
9786022951780
9786022951803
9786022951872
9786022951889
9786022951896
9786022951902
9786022951919
9786022951926
9786022951940
9786022951957
9786022951964
9786022952152
9786022952169
9786022952176
9786022952190
9786022952206
9786022952213
9786022952237
9786022952244
9786022952251
9786022952275
9786022952282
9786022952299
9786022952343
9786022952350
9786022952367
9786022952428
9786022952442
9786022952459
9786022952466
9786022952497
9786022952503
9786022952527
9786022952541
9786022952558
9786022952565
9786022952572
9786022952602
9786022952619
9786022952626
9786022952633
9786022952640
9786022952664
9786022952671
9786022952688
9786022952695
9786022952718
9786022952725
9786022952749
9786022952763
9786022952794
9786022952800
9786022952817
9786022952824
9786022952831
9786022952855
9786022952879
9786022952893
9786022952909
9786022952916
9786022952947
9786022952954
9786022952978
9786022952985
9786022952992
9786022953012
9786022953029
9786022953050
9786022953067
9786022953074
9786022953098
9786022953104
9786022953128
9786022953210
9786022953234
9786022953258
9786022953272
9786022953289
9786022953296
9786022953319
9786022953333
9786022953357
9786022953364
9786022953371
9786022953388
9786022953395
9786022953418
9786022953425
9786022953432
9786022953463
9786022953470
9786022953487
9786022953494
9786022953524
9786022953531
9786022953562
9786022953593
9786022953609
9786022953616
9786022953630
9786022953647
9786022953678
9786022953692
9786022953722
9786022953739
9786022953760
9786022953777
9786022953791
9786022953807
9786022953999
9786022954002
9786022954019
9786022954026
9786022954033
9786022954040
9786022954132
9786022954231
9786022954255
9786022954262
9786022954286
9786022954293
9786022954309
9786022954323
9786022954330
9786022954347
9786022954361
9786022954378
9786022954385
9786022954392
9786022954408
9786022954422
9786022954439
9786022954446
9786022954477
9786022954484
9786022954491
9786022954507
9786022954514
9786022954521
9786022954538
9786022954545
9786022954552
9786022954583
9786022954606
9786022954613
9786022954644
9786022954651
9786022954675
9786022954682
9786022954699
9786022954712
9786022954736
9786029634211
9786029634228
9786029634235
9786029634242
9786029634259
9786029634280
9786029634297